# Created by Octave 3.4.0, Tue Sep 24 08:02:31 2013 PHT <juliam@Julia-Menchavezs-MacBook-Pro.local>
# name: best_mse
# type: scalar
5.259489359501587


# name: num_of_epochs
# type: scalar
300


# name: training_set_size
# type: scalar
464


# name: tset_performance
# type: scalar
97.62931034482759


# name: val_set_size
# type: scalar
232


# name: vset_performance
# type: scalar
98.27586206896551


# name: vset_outputs
# type: matrix
# rows: 232
# columns: 13
 1 0.4 0.7 0.8 0.3 0.4 1 0.9 0.1 0.1 0 0.04600742765819746 1
 1 0.3 0.2 0.1 0.2 0.2 0.1 0.3 0.1 0.1 1 0.9999999925363622 1
 1 0.1 0.1 0.1 0.1 0.2 0.1 0.3 0.1 0.1 1 0.9999999995765836 1
 1 0.3 0.1 0.1 0.1 0.2 0.1 0.3 0.1 0.1 1 0.9999999986067485 1
 1 0.1 0.1 0.1 0.1 0.2 0.1 0.3 0.2 0.1 1 0.9999999995770059 1
 1 0.1 0.1 0.1 0.1 0.2 0.1 0.2 0.1 0.1 1 0.9999999995776525 1
 1 0.2 0.1 0.1 0.1 0.2 0.1 0.2 0.1 0.1 1 0.9999999994717643 1
 1 0.4 0.2 0.1 0.1 0.2 0.1 0.2 0.1 0.1 1 0.9999999606917984 1
 1 0.5 0.2 0.2 0.2 0.2 0.2 0.3 0.2 0.2 1 0.9999239373915819 1
 1 0.4 0.1 0.1 0.2 0.2 0.1 0.1 0.1 0.1 1 0.9999999708884122 1
 1 0.5 0.3 0.4 0.3 0.4 0.5 0.4 0.7 0.1 1 0.04808795156137513 0
 1 0.4 0.1 0.1 0.2 0.2 0.1 0.2 0.1 0.1 1 0.999999969268344 1
 1 0.3 0.1 0.2 0.1 0.2 0.1 0.3 0.1 0.1 1 0.9999999985816266 1
 1 0.7 0.3 0.2 1 0.5 1 0.5 0.4 0.4 0 0.04599531186728869 1
 1 0.4 0.1 0.1 0.1 0.2 0.1 0.3 0.2 0.1 1 0.9999999862776905 1
 1 0.1 0.1 0.1 0.1 0.1 0.1 0.1 0.1 0.1 1 0.9999999995613726 1
 1 0.7 0.5 0.3 0.7 0.4 1 0.7 0.5 0.5 0 0.04599251170653483 1
 1 0.1 0.1 0.1 0.1 0.2 0.1 0.1 0.1 0.1 1 0.999999999578669 1
 1 0.8 0.7 0.5 1 0.7 0.9 0.5 0.5 0.4 0 0.04599247212945646 1
 1 0.5 0.1 0.2 0.1 0.2 0.1 0.3 0.1 0.1 1 0.9999998760796298 1
 1 0.3 0.1 0.1 0.1 0.1 0.1 0.2 0.1 0.1 1 0.9999999974674858 1
 1 0.3 0.1 0.1 0.1 0.2 0.1 0.2 0.1 0.1 1 0.9999999986655137 1
 1 0.5 0.3 0.3 0.4 0.2 0.4 0.3 0.4 0.1 0 0.1498685018479012 1
 1 1 0.6 0.6 0.3 0.4 0.5 0.3 0.6 0.1 0 0.04599256033779268 1
 1 0.2 0.1 0.1 0.1 0.2 0.1 0.3 0.1 0.1 1 0.999999999465444 1
 1 0.1 0.1 0.1 0.1 0.1 0.1 0.3 0.1 0.1 1 0.9999999995575963 1
 1 0.5 1 1 0.5 0.4 0.5 0.4 0.4 0.1 0 0.04599526475711384 1
 1 0.4 0.1 0.1 0.1 0.2 0.1 0.3 0.1 0.1 1 0.9999999859432642 1
 1 0.4 0.1 0.1 0.1 0.2 0.1 0.1 0.2 0.1 1 0.9999999879521614 1
 1 0.4 0.1 0.1 0.1 0.2 0.1 0.1 0.1 0.1 1 0.9999999877155027 1
 1 0.3 0.1 0.1 0.1 0.2 0.1 0.2 0.1 0.1 1 0.9999999986655137 1
 1 0.6 0.1 0.1 0.1 0.2 0.1 0.3 0.1 0.1 1 0.9999996769653245 1
 1 0.8 0.4 0.7 0.1 0.3 1 0.3 0.9 0.2 0 0.04599255268182739 1
 1 0.8 1 1 1 0.7 0.5 0.4 0.8 0.7 0 0.04599247184258652 1
 1 1 0.6 0.4 0.3 1 1 0.9 1 0.1 0 0.04599249374250628 1
 1 1 0.8 0.7 0.4 0.3 1 0.7 0.9 0.1 0 0.04599247184755705 1
 1 1 0.8 1 0.1 0.3 1 0.5 0.1 0.1 0 0.04599247269506036 1
 1 0.8 0.7 0.6 0.4 0.4 1 0.5 0.1 0.1 0 0.04599252552730337 1
 1 0.8 0.2 0.3 0.1 0.6 0.3 0.7 0.1 0.1 0 0.1639443223806537 1
 1 0.1 0.1 0.1 0.1 0.2 0.1 0.1 0.1 0.1 1 0.999999999578669 1
 1 0.5 0.1 0.1 0.1 0.2 0.1 0.1 0.1 0.1 1 0.9999998878165773 1
 1 0.1 0.1 0.1 0.1 0.1 0.1 0.2 0.1 0.1 1 0.9999999995595319 1
 1 0.4 0.1 0.1 0.1 0.2 0.1 0.1 0.1 0.1 1 0.9999999877155027 1
 1 0.5 0.1 0.3 0.3 0.2 0.2 0.2 0.3 0.1 1 0.9999585448659635 1
 1 1 1 1 1 0.7 1 0.7 1 0.4 0 0.04599247176787843 1
 1 0.4 0.1 0.2 0.1 0.2 0.1 0.2 0.1 0.1 1 0.9999999863487419 1
 1 0.1 0.5 0.8 0.6 0.5 0.8 0.7 1 0.1 0 0.05118080250447671 1
 1 0.4 0.1 0.1 0.1 0.1 0.1 0.2 0.1 0.1 1 0.9999999687626225 1
 1 0.1 0.1 0.1 0.1 0.2 0.1 0.1 0.1 0.1 1 0.999999999578669 1
 1 0.5 0.5 0.7 0.8 0.6 1 0.7 0.4 0.1 0 0.0459935526169019 1
 1 0.1 0.1 0.1 0.1 0.1 0.1 0.2 0.1 0.1 1 0.9999999995595319 1
 1 0.4 0.1 0.1 0.1 0.2 0.1 0.3 0.1 0.1 1 0.9999999859432642 1
 1 0.4 0.1 0.1 0.1 0.2 0.1 0.3 0.1 0.1 1 0.9999999859432642 1
 1 0.1 0.1 0.1 0.1 0.2 0.5 0.1 0.1 0.1 1 0.9999999990758364 1
 1 1 0.9 0.7 0.3 0.4 0.2 0.7 0.7 0.1 0 0.04599267980424619 1
 1 0.2 0.1 0.1 0.1 0.2 0.1 0.3 0.1 0.1 1 0.999999999465444 1
 1 0.5 0.8 0.9 0.4 0.3 1 0.7 0.1 0.1 0 0.04599283628192991 1
 1 0.1 0.1 0.1 0.3 0.2 0.3 0.1 0.1 0.1 1 0.9999999992688469 1
 1 0.4 0.1 0.1 0.1 0.2 0.1 0.1 0.1 0.1 1 0.9999999877155027 1
 1 0.4 0.2 0.1 0.1 0.2 0.1 0.1 0.1 0.1 1 0.9999999626776949 1
 1 0.5 0.4 0.3 0.1 0.2 0.35 0.2 0.3 0.1 1 0.3313101999697695 0
 1 0.4 0.1 0.1 0.1 0.2 0.3 0.2 0.1 0.1 1 0.9999998931606905 1
 1 0.1 0.1 0.1 0.1 0.2 0.1 0.3 0.1 0.1 1 0.9999999995765836 1
 1 1 0.6 0.3 0.6 0.4 1 0.7 0.8 0.4 0 0.04599247237723653 1
 1 0.5 0.2 0.2 0.2 0.1 0.1 0.2 0.1 0.1 1 0.9999995040296765 1
 1 0.3 0.1 0.4 0.1 0.2 0.35 0.3 0.1 0.1 1 0.9999999610912231 1
 1 0.5 1 1 0.6 1 1 1 0.6 0.5 0 0.04599251079746051 1
 1 0.4 0.1 0.1 0.1 0.2 0.1 0.2 0.1 0.1 1 0.9999999868630238 1
 1 0.1 0.1 0.3 0.1 0.2 0.1 0.2 0.1 0.1 1 0.9999999995745288 1
 1 0.1 0.1 0.1 0.2 0.1 0.3 0.1 0.1 0.7 1 0.9998860082080464 1
 1 0.5 0.1 0.1 0.1 0.2 0.1 0.2 0.2 0.1 1 0.9999998810332437 1
 1 0.3 0.1 0.1 0.1 0.2 0.1 0.2 0.1 0.1 1 0.9999999986655137 1
 1 0.3 0.1 0.1 0.1 0.3 0.1 0.2 0.1 0.1 1 0.9999999991512429 1
 1 1 0.2 0.2 0.1 0.2 0.6 0.1 0.1 0.2 0 0.05317682244284554 1
 1 0.5 1 1 1 1 1 1 0.1 0.1 0 0.04599255142359481 1
 1 0.5 0.1 0.1 0.3 0.2 0.1 0.1 0.1 0.1 1 0.9999996436886545 1
 1 0.4 0.1 0.1 0.1 0.2 0.1 0.2 0.1 0.1 1 0.9999999868630238 1
 1 0.5 0.1 0.1 0.3 0.4 0.1 0.3 0.2 0.1 1 0.9999998312389261 1
 1 0.7 0.6 0.4 0.8 1 1 0.9 0.5 0.3 0 0.04599251383527238 1
 1 0.2 0.1 0.1 0.1 0.2 0.1 0.2 0.1 0.1 1 0.9999999994717643 1
 1 0.5 0.2 0.3 0.4 0.2 0.7 0.3 0.6 0.1 0 0.05508545026074199 1
 1 0.9 1 1 0.1 1 0.8 0.3 0.3 0.1 0 0.04599256327006099 1
 1 0.4 0.1 0.2 0.1 0.2 0.1 0.2 0.1 0.1 1 0.9999999863487419 1
 1 0.6 0.5 0.5 0.8 0.4 1 0.3 0.4 0.1 0 0.04599337541550122 1
 1 1 0.4 0.4 0.6 0.2 1 0.2 0.3 0.1 0 0.04599533919468932 1
 1 0.1 0.1 0.1 0.1 0.2 0.1 0.3 0.1 0.1 1 0.9999999995765836 1
 1 1 0.8 0.8 0.2 0.3 0.4 0.8 0.7 0.8 0 0.04599247184485622 1
 1 1 0.4 0.4 1 0.6 1 0.5 0.5 0.1 0 0.04599251041135254 1
 1 0.8 0.6 0.4 0.3 0.5 0.9 0.3 0.1 0.1 0 0.04599462084928291 1
 1 0.7 0.6 0.6 0.3 0.2 1 0.7 0.1 0.1 0 0.04599405492265844 1
 1 0.2 0.1 0.2 0.1 0.2 0.1 0.3 0.1 0.1 1 0.9999999994623665 1
 1 0.3 0.1 0.1 0.1 0.2 0.1 0.1 0.1 0.1 1 0.999999998720031 1
 1 0.2 0.1 0.1 0.1 0.2 0.1 0.3 0.1 0.1 1 0.999999999465444 1
 1 0.9 0.9 1 0.3 0.6 1 0.7 1 0.6 0 0.04599247180585537 1
 1 0.3 0.1 0.1 0.1 0.2 0.1 0.3 0.2 0.1 1 0.9999999986336416 1
 1 0.1 0.1 0.1 0.1 0.2 0.1 0.3 0.1 0.1 1 0.9999999995765836 1
 1 0.5 1 1 1 0.5 0.2 0.8 0.5 0.1 0 0.04599476405963637 1
 1 1 1 1 0.8 0.6 0.1 0.8 0.9 0.1 0 0.04599247855111368 1
 1 0.3 0.1 0.1 0.1 0.3 0.1 0.2 0.1 0.1 1 0.9999999991512429 1
 1 0.5 0.8 0.8 1 0.5 1 0.8 1 0.3 0 0.04599247807627792 1
 1 0.1 0.1 0.3 0.1 0.2 0.1 0.1 0.1 0.1 1 0.9999999995754263 1
 1 0.4 0.1 0.1 0.1 0.2 0.1 0.3 0.2 0.1 1 0.9999999862776905 1
 1 0.6 1 0.7 0.7 0.6 0.4 0.8 1 0.2 0 0.04599285877387678 1
 1 0.3 0.1 0.1 0.1 0.1 0.1 0.2 0.1 0.1 1 0.9999999974674858 1
 1 1 1 1 0.7 0.9 1 0.7 1 1 0 0.04599247176729351 1
 1 0.5 0.3 0.2 0.8 0.5 1 0.8 0.1 0.2 0 0.04757022033872494 1
 1 1 1 0.6 0.3 0.3 1 0.4 0.3 0.2 0 0.04599247185032893 1
 1 0.3 0.1 0.1 0.1 0.2 0.1 0.1 0.1 0.1 1 0.999999998720031 1
 1 0.9 0.4 0.5 1 0.6 1 0.4 0.8 0.1 0 0.04599247623567836 1
 1 0.1 0.1 0.1 0.1 0.1 0.35 0.2 0.1 0.1 1 0.9999999993132465 1
 1 0.4 0.1 0.1 0.1 0.2 0.1 0.1 0.1 0.1 1 0.9999999877155027 1
 1 0.8 0.3 0.3 0.1 0.2 0.2 0.3 0.2 0.1 1 0.1844955275963026 0
 1 0.8 0.4 0.4 0.1 0.6 1 0.2 0.5 0.2 0 0.04599304217189952 1
 1 0.1 0.1 0.1 0.1 0.2 0.1 0.2 0.1 0.1 1 0.9999999995776525 1
 1 0.3 0.1 0.1 0.1 0.1 0.1 0.2 0.1 0.1 1 0.9999999974674858 1
 1 0.2 0.3 0.4 0.4 0.2 0.5 0.2 0.5 0.1 0 0.3272168756026634 1
 1 0.3 0.2 0.1 0.1 0.1 0.1 0.2 0.1 0.1 1 0.9999999927750365 1
 1 0.3 0.3 0.6 0.4 0.5 0.8 0.4 0.4 0.1 0 0.04912829162299788 1
 1 0.1 0.1 0.1 0.1 0.2 0.35 0.2 0.1 0.1 1 0.9999999994480897 1
 1 0.5 0.2 0.1 0.1 0.2 0.1 0.1 0.1 0.1 1 0.9999997959581729 1
 1 0.1 0.1 0.1 0.1 0.2 0.1 0.1 0.1 0.1 1 0.999999999578669 1
 1 0.1 0.1 0.1 0.1 0.2 0.1 0.1 0.1 0.1 1 0.999999999578669 1
 1 0.3 0.1 0.3 0.1 0.2 0.35 0.2 0.1 0.1 1 0.9999999776735289 1
