# Created by Octave 3.4.0, Tue Sep 24 08:03:46 2013 PHT <juliam@Julia-Menchavezs-MacBook-Pro.local>
# name: best_mse
# type: scalar
0.4182751379784643


# name: num_of_epochs
# type: scalar
100


# name: training_set_size
# type: scalar
80


# name: tset_performance
# type: scalar
100


# name: val_set_size
# type: scalar
40


# name: vset_performance
# type: scalar
100


# name: vset_outputs
# type: matrix
# rows: 40
# columns: 26
 1 0 0 0 0 0 0 0 0 0 0 0 0 0 0 0 0 0.003474519449182921 0.003946608267453446 0.003792448589265474 0.006228411834221208 0.008193071055035009 0.01484212694762966 0.01441495186727117 0.005928329033087025 1
 1 0 1 0 0 0 0 0 0 0 1 0 0 0 0 0 0 0.01418169452094289 0.9047156733286926 0.03522098524791892 0.05302963578169491 0.0004581754360881923 0.0002448012146686522 0.01021130349502877 0.0695587368020015 1
 1 0 0 1 0 0 0 0 0 0 0 1 0 0 0 0 0 0.00659531955949679 0.04590343344707792 0.9472063929157085 0.02505616713320491 7.414843046448973e-06 0.05265625091856559 0.04866908787734724 7.425866652793384e-06 1
 1 0 0 0 1 0 0 0 0 0 0 0 1 0 0 0 0 0.01490526500350337 0.04105084147673454 0.02117352550501371 0.9170447328647969 0.05874067859207011 0.010684034615252 0.0001402314194402336 0.001362343102470889 1
 1 0 0 0 0 1 0 0 0 0 0 0 0 1 0 0 0 0.002520920133414135 5.755139863029539e-05 1.192290743159588e-05 0.04955157312221653 0.9182513885106766 0.03996119750536205 0.0005761035131551392 0.05829027697530981 1
 1 0 0 0 0 0 1 0 0 0 0 0 0 0 1 0 0 0.001117324063214829 2.868502867562942e-07 0.03163786153111396 0.01601055678059561 0.0337160678412833 0.9423610619892335 0.005633948766589328 1.26951515764173e-06 1
 1 0 0 0 0 0 0 1 0 0 0 0 0 0 0 1 0 0.001078569134799456 0.01816704067262823 0.01997112053995623 5.627553591542585e-07 7.348586617378717e-06 0.004348048118971964 0.9463098354009241 0.01798756674140758 1
 1 0 0 0 0 0 0 0 1 0 0 0 0 0 0 0 1 0.003097145255554775 0.0616262248433509 1.775845810161184e-05 0.0003317656483119855 0.06127324183695534 0.0003183810925956902 0.03860354476030988 0.9144313375123672 1
 1 0 0 0 0 0 0 0 0 0 0 0 0 0 0 0 0 0.003474519449182921 0.003946608267453446 0.003792448589265474 0.006228411834221208 0.008193071055035009 0.01484212694762966 0.01441495186727117 0.005928329033087025 1
 1 0 1 0 0 0 0 0 0 0 1 0 0 0 0 0 0 0.01418169452094289 0.9047156733286926 0.03522098524791892 0.05302963578169491 0.0004581754360881923 0.0002448012146686522 0.01021130349502877 0.0695587368020015 1
 1 0 0 1 0 0 0 0 0 0 0 1 0 0 0 0 0 0.00659531955949679 0.04590343344707792 0.9472063929157085 0.02505616713320491 7.414843046448973e-06 0.05265625091856559 0.04866908787734724 7.425866652793384e-06 1
 1 0 0 0 1 0 0 0 0 0 0 0 1 0 0 0 0 0.01490526500350337 0.04105084147673454 0.02117352550501371 0.9170447328647969 0.05874067859207011 0.010684034615252 0.0001402314194402336 0.001362343102470889 1
 1 0 0 0 0 1 0 0 0 0 0 0 0 1 0 0 0 0.002520920133414135 5.755139863029539e-05 1.192290743159588e-05 0.04955157312221653 0.9182513885106766 0.03996119750536205 0.0005761035131551392 0.05829027697530981 1
 1 0 0 0 0 0 1 0 0 0 0 0 0 0 1 0 0 0.001117324063214829 2.868502867562942e-07 0.03163786153111396 0.01601055678059561 0.0337160678412833 0.9423610619892335 0.005633948766589328 1.26951515764173e-06 1
 1 0 0 0 0 0 0 1 0 0 0 0 0 0 0 1 0 0.001078569134799456 0.01816704067262823 0.01997112053995623 5.627553591542585e-07 7.348586617378717e-06 0.004348048118971964 0.9463098354009241 0.01798756674140758 1
 1 0 0 0 0 0 0 0 1 0 0 0 0 0 0 0 1 0.003097145255554775 0.0616262248433509 1.775845810161184e-05 0.0003317656483119855 0.06127324183695534 0.0003183810925956902 0.03860354476030988 0.9144313375123672 1
 1 0 0 0 0 0 0 0 0 0 0 0 0 0 0 0 0 0.003474519449182921 0.003946608267453446 0.003792448589265474 0.006228411834221208 0.008193071055035009 0.01484212694762966 0.01441495186727117 0.005928329033087025 1
 1 0 1 0 0 0 0 0 0 0 1 0 0 0 0 0 0 0.01418169452094289 0.9047156733286926 0.03522098524791892 0.05302963578169491 0.0004581754360881923 0.0002448012146686522 0.01021130349502877 0.0695587368020015 1
 1 0 0 1 0 0 0 0 0 0 0 1 0 0 0 0 0 0.00659531955949679 0.04590343344707792 0.9472063929157085 0.02505616713320491 7.414843046448973e-06 0.05265625091856559 0.04866908787734724 7.425866652793384e-06 1
 1 0 0 0 1 0 0 0 0 0 0 0 1 0 0 0 0 0.01490526500350337 0.04105084147673454 0.02117352550501371 0.9170447328647969 0.05874067859207011 0.010684034615252 0.0001402314194402336 0.001362343102470889 1
 1 0 0 0 0 1 0 0 0 0 0 0 0 1 0 0 0 0.002520920133414135 5.755139863029539e-05 1.192290743159588e-05 0.04955157312221653 0.9182513885106766 0.03996119750536205 0.0005761035131551392 0.05829027697530981 1
 1 0 0 0 0 0 1 0 0 0 0 0 0 0 1 0 0 0.001117324063214829 2.868502867562942e-07 0.03163786153111396 0.01601055678059561 0.0337160678412833 0.9423610619892335 0.005633948766589328 1.26951515764173e-06 1
 1 0 0 0 0 0 0 1 0 0 0 0 0 0 0 1 0 0.001078569134799456 0.01816704067262823 0.01997112053995623 5.627553591542585e-07 7.348586617378717e-06 0.004348048118971964 0.9463098354009241 0.01798756674140758 1
 1 0 0 0 0 0 0 0 1 0 0 0 0 0 0 0 1 0.003097145255554775 0.0616262248433509 1.775845810161184e-05 0.0003317656483119855 0.06127324183695534 0.0003183810925956902 0.03860354476030988 0.9144313375123672 1
 1 0 0 0 0 0 0 0 0 0 0 0 0 0 0 0 0 0.003474519449182921 0.003946608267453446 0.003792448589265474 0.006228411834221208 0.008193071055035009 0.01484212694762966 0.01441495186727117 0.005928329033087025 1
 1 0 1 0 0 0 0 0 0 0 1 0 0 0 0 0 0 0.01418169452094289 0.9047156733286926 0.03522098524791892 0.05302963578169491 0.0004581754360881923 0.0002448012146686522 0.01021130349502877 0.0695587368020015 1
 1 0 0 1 0 0 0 0 0 0 0 1 0 0 0 0 0 0.00659531955949679 0.04590343344707792 0.9472063929157085 0.02505616713320491 7.414843046448973e-06 0.05265625091856559 0.04866908787734724 7.425866652793384e-06 1
 1 0 0 0 1 0 0 0 0 0 0 0 1 0 0 0 0 0.01490526500350337 0.04105084147673454 0.02117352550501371 0.9170447328647969 0.05874067859207011 0.010684034615252 0.0001402314194402336 0.001362343102470889 1
 1 0 0 0 0 1 0 0 0 0 0 0 0 1 0 0 0 0.002520920133414135 5.755139863029539e-05 1.192290743159588e-05 0.04955157312221653 0.9182513885106766 0.03996119750536205 0.0005761035131551392 0.05829027697530981 1
 1 0 0 0 0 0 1 0 0 0 0 0 0 0 1 0 0 0.001117324063214829 2.868502867562942e-07 0.03163786153111396 0.01601055678059561 0.0337160678412833 0.9423610619892335 0.005633948766589328 1.26951515764173e-06 1
 1 0 0 0 0 0 0 1 0 0 0 0 0 0 0 1 0 0.001078569134799456 0.01816704067262823 0.01997112053995623 5.627553591542585e-07 7.348586617378717e-06 0.004348048118971964 0.9463098354009241 0.01798756674140758 1
 1 0 0 0 0 0 0 0 1 0 0 0 0 0 0 0 1 0.003097145255554775 0.0616262248433509 1.775845810161184e-05 0.0003317656483119855 0.06127324183695534 0.0003183810925956902 0.03860354476030988 0.9144313375123672 1
 1 0 0 0 0 0 0 0 0 0 0 0 0 0 0 0 0 0.003474519449182921 0.003946608267453446 0.003792448589265474 0.006228411834221208 0.008193071055035009 0.01484212694762966 0.01441495186727117 0.005928329033087025 1
 1 0 1 0 0 0 0 0 0 0 1 0 0 0 0 0 0 0.01418169452094289 0.9047156733286926 0.03522098524791892 0.05302963578169491 0.0004581754360881923 0.0002448012146686522 0.01021130349502877 0.0695587368020015 1
 1 0 0 1 0 0 0 0 0 0 0 1 0 0 0 0 0 0.00659531955949679 0.04590343344707792 0.9472063929157085 0.02505616713320491 7.414843046448973e-06 0.05265625091856559 0.04866908787734724 7.425866652793384e-06 1
 1 0 0 0 1 0 0 0 0 0 0 0 1 0 0 0 0 0.01490526500350337 0.04105084147673454 0.02117352550501371 0.9170447328647969 0.05874067859207011 0.010684034615252 0.0001402314194402336 0.001362343102470889 1
 1 0 0 0 0 1 0 0 0 0 0 0 0 1 0 0 0 0.002520920133414135 5.755139863029539e-05 1.192290743159588e-05 0.04955157312221653 0.9182513885106766 0.03996119750536205 0.0005761035131551392 0.05829027697530981 1
