# Created by Octave 3.4.0, Tue Sep 24 08:06:17 2013 PHT <juliam@Julia-Menchavezs-MacBook-Pro.local>
# name: best_mse
# type: scalar
0.1467945410612529


# name: num_of_epochs
# type: scalar
44


# name: training_set_size
# type: scalar
120


# name: tset_performance
# type: scalar
100


# name: val_set_size
# type: scalar
60


# name: vset_performance
# type: scalar
100


# name: vset_outputs
# type: matrix
# rows: 60
# columns: 6
 1 0 0 0 0.04080423905503754 1
 1 1 0 1 0.9538746789364799 1
 1 0 1 1 0.9543513538679157 1
 1 1 1 0 0.05982216836185107 1
 1 0 0 0 0.04080423905503754 1
 1 1 0 1 0.9538746789364799 1
 1 0 1 1 0.9543513538679157 1
 1 1 1 0 0.05982216836185107 1
 1 0 0 0 0.04080423905503754 1
 1 1 0 1 0.9538746789364799 1
 1 0 1 1 0.9543513538679157 1
 1 1 1 0 0.05982216836185107 1
 1 0 0 0 0.04080423905503754 1
 1 1 0 1 0.9538746789364799 1
 1 0 1 1 0.9543513538679157 1
 1 1 1 0 0.05982216836185107 1
 1 0 0 0 0.04080423905503754 1
 1 1 0 1 0.9538746789364799 1
 1 0 1 1 0.9543513538679157 1
 1 1 1 0 0.05982216836185107 1
 1 0 0 0 0.04080423905503754 1
 1 1 0 1 0.9538746789364799 1
 1 0 1 1 0.9543513538679157 1
 1 1 1 0 0.05982216836185107 1
 1 0 0 0 0.04080423905503754 1
 1 1 0 1 0.9538746789364799 1
 1 0 1 1 0.9543513538679157 1
 1 1 1 0 0.05982216836185107 1
 1 0 0 0 0.04080423905503754 1
 1 1 0 1 0.9538746789364799 1
 1 0 1 1 0.9543513538679157 1
 1 1 1 0 0.05982216836185107 1
 1 0 0 0 0.04080423905503754 1
 1 1 0 1 0.9538746789364799 1
 1 0 1 1 0.9543513538679157 1
 1 1 1 0 0.05982216836185107 1
 1 0 0 0 0.04080423905503754 1
 1 1 0 1 0.9538746789364799 1
 1 0 1 1 0.9543513538679157 1
 1 1 1 0 0.05982216836185107 1
 1 0 0 0 0.04080423905503754 1
 1 1 0 1 0.9538746789364799 1
 1 0 1 1 0.9543513538679157 1
 1 1 1 0 0.05982216836185107 1
 1 0 0 0 0.04080423905503754 1
 1 1 0 1 0.9538746789364799 1
 1 0 1 1 0.9543513538679157 1
 1 1 1 0 0.05982216836185107 1
 1 0 0 0 0.04080423905503754 1
 1 1 0 1 0.9538746789364799 1
 1 0 1 1 0.9543513538679157 1
 1 1 1 0 0.05982216836185107 1
 1 0 0 0 0.04080423905503754 1
 1 1 0 1 0.9538746789364799 1
 1 0 1 1 0.9543513538679157 1
 1 1 1 0 0.05982216836185107 1
 1 0 0 0 0.04080423905503754 1
 1 1 0 1 0.9538746789364799 1
 1 0 1 1 0.9543513538679157 1
 1 1 1 0 0.05982216836185107 1


